2.458 55.313 951.862
2.265 55.822 911.065
2.682 27.607 989.711
1.923 -0.722 865.599
2.645 -28.625 990.356
2.324 -56.514 951.865
2.041 -56.309 911.94
1.559 55.625 751.883
1.438 55.8 711.073
1.795 -0.502 796.208
1.475 -0.051 664.203
1.495 -56.284 751.906
1.487 -56.408 711.274
1.226 55.822 540.93
1.116 55.771 500.134
1.448 -0.549 585.284
1.481 -0.875 453.095
1.479 -56.205 540.617
1.505 -56.323 500.22
0.913 54.693 328.212
0.682 54.646 287.977
1.014 -0.706 373.839
0.949 -0.829 242.014
1.451 -57.022 328.341
1.092 -56.261 287.639
0.703 55.249 128.355
0.558 55.249 87.7605
0.665 27.431 51.1015
0.658 -0.303 173.743
0.947 -28.576 50.4745
0.8211 -56.203 128.18
0.862 -56.615 87.8695
